00100000
00001000
00000000
00000101
00100000
00001001
00000000
00000100
00100000
00001010
00000000
00000000
00000000
00000000
00000000
00100000
00000000
00000000
00000000
00100000
00000000
00000000
00000000
00100000
00010001
00100000
00000000
00001110
00000000
00000000
00000000
00100000
00000000
00000000
00000000
00100000
00000000
00000000
00000000
00100000
00000001
01001000
01010000
00100000
00000000
00000000
00000000
00100000
00000000
00000000
00000000
00100000
00000000
00000000
00000000
00100000
00100001
00101001
11111111
11111111
00000000
00000000
00000000
00100000
00000000
00000000
00000000
00100000
00000000
00000000
00000000
00100000
00001000
00000000
00000000
00000110
00000000
00000000
00000000
00100000
00000000
00000000
00000000
00100000
10101100
00001010
00000000
00000000
00000000
00000000
00000000
00100000
00000000
00000000
00000000
00100000
